                 -319928
                 -348656
                 -319416
                 -204576
                 -114812
                  -95412
                  -91720
                 -131172
                 -260324
                 -403732
                 -443724
                 -370816
                 -238152
                  -69420
                   89716
                  154816
                  118880
                   60276
                    2120
                  -88100
                 -163144
                 -135180
                  -33812
                   40588
                   76372
                  114368
                  132348
                  102540
                   73116
                   85540
                   96552
                   46420
                  -60996
                 -163492
                 -188832
                 -121344
                  -32880
                  -10268
                  -66668
                 -156720
                 -234544
                 -262380
                 -213428
                 -102128
                   20108
                  115312
                  182076
                  231148
                  264400
                  270204
                  226916
                  138960
                   65080
                   54084
                   76688
                   93832
                  127504
                  174892
                  157196
                   51072
                  -52420
                 -101032
                 -159244
                 -266352
                 -344856
                 -313940
                 -190804
                  -27052
                  154756
                  310284
                  372380
                  348580
                  300184
                  224712
                  107704
                   32568
                   66276
                  128524
                  112608
                   15152
                 -119880
                 -248756
                 -316112
                 -301064
                 -237032
                 -156060
                  -82292
                  -52584
                  -81220
                 -140016
                 -177356
                 -141212
                  -38076
                   58348
                  122996
                  201784
                  274012
                  258892
                  165812
                   65240
                  -37208
                 -154288
                 -233596
                 -209132
                  -68900
                  133248
                  301104
                  375660
                  372928
                  307124
                  167288
                   -7508
                 -146428
                 -230736
                 -267316
                 -242184
                 -175840
                 -143900
                 -179276
                 -211556
                 -155968
                  -34240
                   51440
                   52028
                    4144
                  -40416
                  -19332
                  132856
                  365240
                  505700
                  470256
                  340956
                  195928
                   30636
                 -142836
                 -267592
                 -299428
                 -216008
                  -36972
                  132596
                  176976
                   97340
                  -22752
                 -135872
                 -211684
                 -184404
                  -54996
                   54192
                   82436
                  132596
                  267896
                  385384
                  392364
                  314896
                  186232
                   23316
                 -100164
                 -129868
                 -126668
                 -168808
                 -234100
                 -253168
                 -221600
                 -203252
                 -220780
                 -196924
                  -72848
                   74080
                  128728
                   81652
                   -3152
                  -73384
                 -107984
                 -128708
                 -168580
                 -203236
                 -196176
                 -176032
                 -158708
                  -88852
                   39556
                  140624
                  178972
                  204560
                  225368
                  189948
                   94844
                   -2844
                  -70648
                 -121992
                 -159596
                 -158168
                 -114668
                  -61136
                   -6592
                   70364
                  155840
                  208152
                  228556
                  237220
                  213844
                  139964
                   32200
                  -98360
                 -213160
                 -214368
                  -92824
                    3036
                   -3244
                   -1656
                   65104
                   98648
                   72440
                   86680
                  142976
                  115428
                  -38780
                 -227368
                 -358696
                 -403988
                 -359360
                 -232120
                  -59844
                  103496
                  232868
                  326644
                  351972
                  269004
                  112216
                  -42036
                 -168924
                 -279000
                 -366640
                 -415012
                 -383892
                 -235132
                  -37048
                   81040
                  109064
                  118152
                   98336
                   32752
                   -4248
                    9848
                    4268
                   -5016
                   61272
                  151376
                  150440
                   70724
                   -2112
                  -42184
                  -59784
                  -47108
                    9744
                  117992
                  274644
                  448940
                  547880
                  425040
                   44340
                 -371260
                 -546432
                 -476576
                 -327648
                 -146112
                   71488
                  210512
                  193456
                  115840
                   62140
                  -28012
                 -210056
                 -390312
                 -408176
                 -229600
                   -7800
                   89676
                   56668
                   -2668
                    2508
                  103596
                  224180
                  231928
                  137212
                   58768
                  -38456
                 -255584
                 -456412
                 -436804
                 -279200
                 -185088
                 -147076
                  -54740
                   95132
                  248776
                  373676
                  441752
                  430968
                  329484
                  162104
                   41860
                   67652
                  160576
                  173048
                  117240
                  110488
                  172804
                  222968
                  210812
                  177096
                  210192
                  343900
                  492412
                  523284
                  395816
                  199980
                   60268
                   15736
                   12484
                    3988
                    -188
                   14828
                   47724
                  102476
                  156844
                  141200
                   14840
                 -178636
                 -370284
                 -526948
                 -636216
                 -686872
                 -679644
                 -627292
                 -548960
                 -474908
                 -427180
                 -392708
                 -359604
                 -364180
                 -435016
                 -514620
                 -516200
                 -437780
                 -350796
                 -291040
                 -222744
                 -131072
                 -100224
                 -212360
                 -391672
                 -486660
                 -481500
                 -447716
                 -343876
                  -86504
                  230372
                  390960
                  311648
                  120580
                   -8932
                  -50364
                 -101700
                 -177628
                 -158676
                    9484
                  241072
                  467824
                  682752
                  831512
                  834532
                  690816
                  455424
                  179324
                  -66840
                 -179028
                  -92740
                  136660
                  369172
                  515228
                  580088
                  571236
                  481644
                  377448
                  370336
                  488064
                  642440
                  710944
                  651356
                  549620
                  487784
                  412500
                  266820
                  127712
                   54832
                  -10968
                  -76604
                  -51420
                   61248
                  139380
                  122120
                   66728
                   47836
                   77372
                  110300
                   98296
                   13800
                 -145736
                 -305804
                 -340444
                 -242216
                 -141032
                 -100172
                  -83596
                 -116976
                 -247760
                 -396044
                 -461620
                 -502308
                 -627524
                 -779180
                 -772016
                 -554360
                 -305404
                 -215356
                 -278260
                 -363572
                 -368164
                 -266320
                 -130180
                  -77696
                 -135492
                 -244628
                 -376748
                 -503960
                 -554300
                 -514392
                 -432796
                 -305240
                 -125184
                   34096
                  128220
                  191776
                  225936
                  204912
                  176904
                  214708
                  308272
                  375872
                  349080
                  250364
                  184360
                  214896
                  303312
                  401704
                  506584
                  589488
                  574316
                  422808
                  204544
                   47728
                    5748
                   25916
                   81520
                  216248
                  414148
                  583000
                  678300
                  686624
                  564520
                  351648
                  194840
                  135692
                   62396
                  -71616
                 -187668
                 -244052
                 -281612
                 -327952
                 -357988
                 -325952
                 -222880
                 -108840
                  -35480
                   25960
                   87276
                   68412
                  -62000
                 -184740
                 -175448
                  -60548
                   28080
                   -4816
                 -137364
                 -282848
                 -404944
                 -501144
                 -497432
                 -331700
                 -117992
                  -17944
                     -44
                   56228
                  111240
                   42800
                 -129164
                 -285640
                 -376232
                 -404712
                 -352704
                 -224696
                  -77156
                   61232
                  206216
                  333996
                  396944
                  419784
                  442120
                  395216
                  200252
                  -52620
                 -188460
                 -159816
                  -44852
                   83176
                  177936
                  202856
                  170508
                  131920
                  102608
                   55680
                  -17156
                  -79392
                  -87636
                  -54188
                  -48532
                  -98876
                 -146872
                 -162124
                 -203740
                 -293176
                 -352544
                 -331928
                 -266960
                 -190316
                 -107452
                  -35256
                   24424
                   89728
                  134220
                   98660
                  -25284
                 -198196
                 -388016
                 -539632
                 -537404
                 -313660
                   20212
                  272812
                  402096
                  509356
                  602056
                  541548
                  288616
                   36212
                  -24396
                   42944
                   48356
                  -29768
                  -59516
                    2148
                   70492
                   92944
                   93512
                   88624
                   66304
                   43536
                   84768
                  229460
                  408432
                  484108
                  400476
                  247264
                  133880
                   49668
                  -61704
                 -143768
                 -112480
                  -45912
                  -62924
                 -100828
                  -59492
                  -10332
                  -31088
                  -43276
                   10664
                   48528
                   -2344
                 -119228
                 -251536
                 -338320
                 -296628
                 -102568
                  122320
                  194084
                   78520
                  -71928
                 -150172
                 -206568
                 -260764
                 -216844
                  -37676
                  193596
                  391924
                  491608
                  427756
                  225404
                    4520
                 -161784
                 -274304
                 -299640
                 -186068
                    8704
                  131952
                   93360
                  -64516
                 -229044
                 -287252
                 -193500
                  -36032
                   38828
                    8440
                  -22140
                   -2128
                   14720
                    3344
                   16332
                   82232
                  153436
                  179300
                  162440
                  118564
                   41540
                  -63176
                 -156232
                 -191908
                 -156232
                  -98800
                 -100692
                 -161648
                 -189168
                 -149660
                 -114748
                 -126192
                 -152616
                 -181512
                 -222916
                 -244024
                 -202824
                 -118568
                  -46512
                  -16708
                  -36716
                 -105788
                 -181776
                 -197624
                 -159248
                 -139176
                 -138356
                  -77300
                   59484
                  208468
                  340916
                  460428
                  535740
                  547080
                  530096
                  501400
                  435932
                  354752
                  311832
                  281472
                  190876
                   45148
                  -96772
                 -207048
                 -261756
                 -221596
                  -90552
                   80184
                  238448
                  340484
                  357236
                  279460
                  105708
                 -124744
                 -312176
                 -389676
                 -396560
                 -407360
                 -439440
                 -450676
                 -393564
                 -272596
                 -152084
                  -92884
                  -79588
                  -29904
                   83740
                  158612
                  114148
                   44168
                   47784
                   34744
                 -101820
                 -272360
                 -323488
                 -246576
                 -156104
                 -150420
                 -211260
                 -205884
                  -27856
                  254012
                  435264
                  384464
                  190352
                   58664
                   71244
                  129864
                  138524
                  123484
                  140116
                  160196
                  121024
                   48248
                   41704
                  126888
                  217628
                  255532
                  289876
                  391596
                  540236
                  596228
                  420108
                   78300
                 -175804
                 -211576
                 -142544
                  -70372
                   52492
                  238172
                  385996
                  436668
                  412784
                  313056
                  119796
                 -103732
                 -228600
                 -187916
                  -45792
                   89424
                  175856
                  202328
                  124708
                  -56388
                 -241276
                 -339912
                 -346232
                 -284472
                 -180408
                  -72064
                    8816
                   31372
                  -45760
                 -220504
                 -420488
                 -573092
                 -657288
                 -671876
                 -604404
                 -461148
                 -300948
                 -186720
                 -111944
                  -45916
                  -24936
                  -94944
                 -203172
                 -260268
                 -265932
                 -279920
                 -317128
                 -340368
                 -322272
                 -276748
                 -238488
                 -208992
                 -138836
                  -10508
                   94144
                   94512
                   38220
                   26980
                   66552
                   87748
                   66336
                   48192
                   83920
                  166496
                  234136
                  250952
                  254884
                  284052
                  308452
                  287048
                  240084
                  221600
                  257584
                  334736
                  424848
                  502196
                  537024
                  483316
                  316236
                  110568
                   17084
                   94624
                  239956
                  350328
                  440764
                  531304
                  559796
                  473652
                  290348
                   46372
                 -218908
                 -438528
                 -539452
                 -490068
                 -332408
                 -167648
                  -72428
                  -43608
                  -54652
                 -106124
                 -185032
                 -248368
                 -277588
                 -290656
                 -291000
                 -251264
                 -158952
                  -63044
                  -51428
                 -154388
                 -299744
                 -405476
                 -455484
                 -434760
                 -298404
                  -77660
                   96644
                  142760
                  103072
                   33476
                  -84068
                 -263420
                 -417340
                 -428428
                 -296548
                 -120556
                   43800
                  201476
                  342064
                  447120
                  504140
                  470856
                  337128
                  202988
                  160036
                  166076
                  158584
                  167424
                  205080
                  193056
                   95712
                   -9176
                  -61008
                  -89924
                 -117908
                 -102796
                   -8024
                  149000
                  306488
                  379896
                  333628
                  242564
                  202944
                  199936
                  148460
                   31052
                  -86252
                 -149612
                 -163852
                 -152460
                 -123464
                  -77244
                   -1064
                  132820
                  301224
                  395512
                  330028
                  133868
                 -119764
                 -373768
                 -535184
                 -513988
                 -367656
                 -255228
                 -212392
                 -139252
                  -30712
                  -14212
                 -119768
                 -223636
                 -259176
                 -273032
                 -247208
                  -75128
                  245780
                  551256
                  679036
                  612552
                  423692
                  151868
                 -162416
                 -391168
                 -433252
                 -353124
                 -238908
                  -55164
                  199772
                  381552
                  378544
                  224576
                    3760
                 -198340
                 -298372
                 -282488
                 -204868
                 -101288
                   15248
                  103572
                  124372
                  114592
                  159432
                  246372
                  230004
                   36980
                 -203288
                 -336400
                 -348792
                 -289028
                 -190720
                 -104664
                  -72204
                  -66564
                  -21684
                   94948
                  230000
                  275216
                  209460
                  157620
                  227328
                  365836
                  442660
                  384752
                  202888
                  -23264
                 -183024
                 -231672
                 -229056
                 -236596
                 -233488
                 -174328
                  -60632
                   74652
                  199204
                  289012
                  326104
                  283388
                  149160
                   -5080
                  -66428
                  -38528
                  -61904
                 -224420
                 -435796
                 -551848
                 -562520
                 -567568
                 -592964
                 -546464
                 -360844
                  -79972
                  199892
                  401120
                  482332
                  427764
                  247384
                   15508
                 -133920
                 -128956
                  -44272
                      24
                  -25572
                  -80584
                 -142416
                 -191892
                 -169896
                  -52088
                   80516
                  135400
                  106244
                   36724
                  -11536
                   19136
                   96688
                  141384
                  185376
                  307168
                  451120
                  503488
                  439220
                  280828
                   68452
                 -109384
                 -189012
                 -185312
                 -134692
                  -82204
                  -85000
                 -152932
                 -253436
                 -362552
                 -445300
                 -470624
                 -466316
                 -448024
                 -344404
                 -101256
                  221484
                  515576
                  700256
                  725004
                  580568
                  325660
                   67252
                 -123588
                 -268672
                 -391288
                 -403828
                 -216308
                   85696
                  315792
                  391332
                  364176
                  317096
                  293648
                  287192
                  267076
                  198164
                   46296
                 -168188
                 -347716
                 -425164
                 -418868
                 -327872
                 -106012
                  220240
                  522780
                  669880
                  615776
                  428600
                  223828
                   61556
                  -51884
                 -117140
                 -157524
                 -203388
                 -238148
                 -234888
                 -218852
                 -231500
                 -264728
                 -270768
                 -241880
                 -236412
                 -266040
                 -244352
                 -144960
                  -61552
                  -29740
                    2768
                    8104
                  -82280
                 -211964
                 -280088
                 -288664
                 -259556
                 -144000
                   67400
                  275740
                  400864
                  465632
                  497780
                  454244
                  293696
                   54820
                 -163116
                 -272280
                 -255612
                 -162480
                  -61820
                  -10376
                   -3068
                   50540
                  197484
                  336328
                  360704
                  294100
                  185768
                   28900
                 -169812
                 -369404
                 -524724
                 -579808
                 -506692
                 -360556
                 -237028
                 -190752
                 -202516
                 -212964
                 -203424
                 -197920
                 -172632
                  -78336
                   45312
                  106064
                   80712
                   11768
                  -51608
                  -69208
                  -41236
                  -20904
                  -33728
                  -19832
                   84360
                  245304
                  370252
                  413412
                  390920
                  325248
                  234476
                  162612
                  175956
                  300316
                  458460
                  520476
                  432596
                  226120
                  -68708
                 -390212
                 -592224
                 -576104
                 -400584
                 -160108
                  119692
                  392508
                  541952
                  497160
                  317800
                  132940
                   27080
                  -18232
                  -74540
                 -156960
                 -206176
                 -180732
                  -89396
                   56128
                  212712
                  263584
                  133636
                  -90256
                 -249984
                 -264680
                 -141996
                   57104
                  228676
                  286368
                  232148
                  126280
                    6748
                 -112296
                 -177252
                 -116420
                   39540
                  158700
                  187668
                  212588
                  293688
                  373100
                  370364
                  257432
                   63408
                 -126200
                 -235340
                 -270612
                 -264088
                 -209492
                 -120812
                  -64476
                  -91148
                 -188696
                 -287192
                 -300252
                 -210868
                  -96064
                  -43632
                  -92104
                 -220504
                 -343412
                 -391104
                 -409276
                 -476260
                 -558080
                 -548908
                 -394608
                 -120872
                  182284
                  389068
                  426988
                  344840
                  247036
                  160292
                   17860
                 -197044
                 -370664
                 -390952
                 -279156
                 -127148
                    2604
                   82892
                  131984
                  229736
                  440652
                  722752
                  950156
                 1001288
                  818460
                  439604
                   12056
                 -263472
                 -276524
                 -109476
                   57184
                  146884
                  220860
                  315656
                  371064
                  348412
                  287068
                  201776
                   55220
                 -130016
                 -257108
                 -284904
                 -271296
                 -266996
                 -250432
                 -199492
                 -166096
                 -218884
                 -335148
                 -412872
                 -374232
                 -203008
                   65072
                  307852
                  349036
                  131372
                 -204932
                 -486520
                 -655000
                 -705508
                 -618600
                 -425052
                 -229132
                 -107884
                  -40056
                   47060
                  178928
                  289476
                  287412
                  147120
                  -88084
                 -340912
                 -516176
                 -549252
                 -455460
                 -300460
                 -142044
                   -2940
                  126580
                  240288
                  282716
                  216756
                   90540
                  -11092
                  -41996
                  -10176
                   31512
                    9860
                 -103364
                 -229168
                 -223160
                  -19676
                  304820
                  629008
                  858608
                  908380
                  747320
                  462660
                  198068
                   57092
                   64496
                  159620
                  265920
                  371284
                  449964
                  375588
                   63808
                 -355696
                 -637548
                 -664232
                 -524384
                 -374244
                 -281608
                 -206512
                  -85696
                   84268
                  245568
                  351780
                  379452
                  270048
                   -1444
                 -303020
                 -454512
                 -422984
                 -281120
                  -79632
                  133860
                  278316
                  281140
                  115524
                 -172144
                 -449064
                 -563672
                 -451356
                 -171768
                  138804
                  352556
                  424844
                  405736
                  353692
                  250160
                   77884
                  -56880
                  -33060
                   97136
                  190216
                  214156
                  225632
                  210740
                   72292
                 -213156
                 -494216
                 -577516
                 -426020
                 -142148
                  164536
                  401032
                  490308
                  433624
                  316452
                  221688
                  150680
                   44628
                 -100388
                 -194068
                 -169000
                  -62236
                   46308
                  110704
                  125996
                   89760
                     880
                  -75112
                  -51900
                   13204
                  -18772
                 -130656
                 -188564
                 -154308
                  -69532
                   39244
                  103628
                    7632
                 -254360
                 -502072
                 -550128
                 -429800
                 -316120
                 -273080
                 -218968
                  -87024
                  105904
                  295188
                  439884
                  566796
                  661864
                  598624
                  336296
                   46140
                  -99976
                 -112944
                 -105388
                 -144576
                 -186376
                 -130112
                   53892
                  289716
                  455168
                  440692
                  233752
                  -45732
                 -244428
                 -269204
                 -115632
                  111024
                  252792
                  209680
                  -13176
                 -286188
                 -409368
                 -297232
                  -50024
                  188196
                  341036
                  405076
                  404840
                  316620
                  114536
                 -116344
                 -281356
                 -410696
                 -538304
                 -608292
                 -591352
                 -530836
                 -462640
                 -376664
                 -227012
                   10040
                  269180
                  441632
                  461292
                  321196
                   85080
                 -121212
                 -196536
                 -135704
                  -31140
                  -11488
                 -108536
                 -208992
                 -213044
                 -161312
                 -128732
                  -96028
                  -14084
                   95776
                  201980
                  324712
                  431680
                  405304
                  216580
                  -21668
                 -213964
                 -332532
                 -344076
                 -229364
                  -35948
                  140124
                  209240
                  154060
                   33832
                  -85112
                 -152328
                 -135240
                  -50688
                   75568
                  237300
                  364296
                  355452
                  227988
                   68352
                 -105804
                 -301612
                 -479972
                 -581748
                 -536512
                 -290608
                  109076
                  508008
                  729812
                  667900
                  351816
                  -54236
                 -339344
                 -366204
                 -155188
                  138384
                  340848
                  362580
                  241500
                  111608
                   83004
                  151416
                  226568
                  210904
                   87132
                  -51172
                 -110940
                  -87532
                     644
                  131448
                  214644
                  142504
                 -105884
                 -448988
                 -725712
                 -757472
                 -459948
                   93604
                  688340
                 1076156
                 1143172
                  934524
                  548584
                  127764
                 -161324
                 -283208
                 -351048
                 -452232
                 -577460
                 -668084
                 -645024
                 -472832
                 -235296
                  -77100
                  -38996
                  -10804
                   85320
                  159988
                  115804
                  -15248
                 -184064
                 -360028
                 -455312
                 -430928
                 -379464
                 -377272
                 -412260
                 -454260
                 -456956
                 -367188
                 -182596
                   51308
                  247696
                  312956
                  252220
                  134592
                  -30184
                 -222864
                 -341768
                 -330276
                 -232528
                 -103692
                   16664
                  110480
                  203472
                  300908
                  349744
                  320028
                  242760
                  147564
                   31668
                  -83812
                 -103456
                   58304
                  345828
                  619836
                  814524
                  918080
                  871372
                  618764
                  223268
                 -145124
                 -341696
                 -343376
                 -208336
                  -13244
                  136580
                  158032
                   89764
                   20508
                  -46640
                 -128064
                 -151780
                  -51648
                  123420
                  295036
                  449896
                  555452
                  487332
                  167704
                 -282968
                 -624016
                 -682240
                 -444996
                  -45556
                  328476
                  546608
                  561944
                  378484
                   51068
                 -316976
                 -626936
                 -835768
                 -938732
                 -905364
                 -690080
                 -329556
                   57660
                  379048
                  585700
                  640424
                  556852
                  379844
                  113860
                 -208888
                 -448988
                 -472996
                 -289884
                  -35344
                  121928
                   84960
                  -99016
                 -276996
                 -314300
                 -189560
                   16892
                  208644
                  319000
                  316844
                  241568
                  164784
                   64844
                 -132568
                 -369936
                 -471840
                 -340096
                  -34836
                  285648
                  463324
                  445852
                  306416
                  153748
                   61248
                   52048
                   91976
                  120192
                  110240
                   73584
                    4376
                 -135416
                 -344820
                 -523232
                 -541200
                 -371252
                 -100484
                  163644
                  348140
                  411964
                  355396
                  236216
                  142956
                  123204
                  141932
                  145284
                  153224
                  220688
                  311220
                  304112
                  148852
                  -71928
                 -246336
                 -314564
                 -253976
                  -88328
                   86200
                  172000
                  171092
                  168452
                  222744
                  298244
                  311744
                  236568
                  114604
                  -29824
                 -189612
                 -290424
                 -245024
                  -97072
                   14936
                   16628
                  -67904
                 -168084
                 -184412
                  -42532
                  222060
                  476092
                  563072
                  364328
                 -108616
                 -663768
                -1061636
                -1190720
                -1063504
                 -721316
                 -234432
                  249984
                  556956
                  612900
                  488872
                  294132
                   83864
                 -107976
                 -239976
                 -300976
                 -301232
                 -241748
                 -158404
                 -134904
                 -213276
                 -348872
                 -463848
                 -493072
                 -402912
                 -204028
                   66296
                  353168
                  565732
                  617544
                  497024
                  235076
                 -160660
                 -639816
                -1009760
                -1031360
                 -664052
                 -149320
                  218500
                  366388
                  414792
                  446936
                  446500
                  414092
                  376744
                  302308
                  151964
                   -2532
                  -41788
                   37492
                  122848
                  135692
                   99628
                   66720
                   49404
                   47820
                   84408
                  151148
                  170320
                  109260
                   91000
                  248152
                  498564
                  608052
                  442608
                   72524
                 -294012
                 -432448
                 -254340
                  122852
                  477944
                  636096
                  559812
                  356804
                  155572
                  -31704
                 -253872
                 -480620
                 -607824
                 -572504
                 -426984
                 -299196
                 -264924
                 -300264
                 -370972
                 -455372
                 -476276
                 -354176
                 -119864
                  122456
                  289472
                  328852
                  226240
                   46064
                  -99292
                 -163560
                 -216016
                 -325880
                 -430232
                 -401492
                 -222996
                  -13260
                   99796
                   71432
                  -54344
                 -176132
                 -187372
                  -52464
                  149924
                  298476
                  345856
                  320348
                  256860
                  189652
                  153452
                  154568
                  188956
                  256536
                  322032
                  333316
                  280824
                  183116
                   70752
                    9796
                   50676
                  148676
                  199780
                  147396
                   40432
                  -12272
                   33200
                  101660
                   93128
                  -19036
                 -176328
                 -260788
                 -173536
                   69648
                  362892
                  602400
                  703024
                  615956
                  400316
                  179208
                  -11876
                 -215116
                 -386732
                 -405904
                 -266212
                  -93212
                   46200
                  186428
                  303248
                  279876
                   72676
                 -208232
                 -416596
                 -482088
                 -394228
                 -186728
                   23544
                  104464
                   69876
                   51140
                   77364
                   33524
                 -131056
                 -300652
                 -338684
                 -224380
                  -24744
                  166848
                  245684
                  152920
                  -51088
                 -246184
                 -379132
                 -453152
                 -439480
                 -312080
                 -138172
                  -24116
                   20840
                   72056
                  137760
                  122476
                  -31620
                 -258888
                 -442548
                 -494364
                 -376472
                 -124772
                  141732
                  269632
                  177152
                  -46072
                 -195820
                 -156900
                   19388
                  239900
                  453620
                  613396
                  646052
                  474608
                   83492
                 -411256
                 -802312
                 -932260
                 -785696
                 -472260
                 -125012
                  202692
                  503888
                  709044
                  716592
                  520160
                  224544
                  -44796
                 -206144
                 -219472
                  -76120
                  160568
                  347808
                  386616
                  311708
                  195856
                   54264
                 -103272
                 -219836
                 -238120
                 -162316
                  -56500
                   18496
                   47984
                   37300
                   -2680
                  -38812
                  -43584
                  -14940
                   65588
                  225876
                  427196
                  543532
                  433636
                   66664
                 -392124
                 -677556
                 -635376
                 -309956
                  122560
                  461432
                  589456
